start=5.839000
panscan=1.000000
