start=1536.702000
aid=1
sid=8
sub-delay=-0.000000
sub-scale=1.400000
