start=0.000000
pause=yes
ab-loop-a=0.000000
