start=928.177000
volume=102.685188
fullscreen=no
