start=29.571000
volume=102.000000
