start=1180.429000
border=no
sub-delay=0.070000
