start=0.000000
pause=yes
sub-scale=1.200000
