start=11.094000
volume=130.000000
sid=1
