start=3038.035000
fullscreen=yes
sub-scale=1.100000
