start=921.754000
speed=1.771561
