start=10.761000
panscan=1.000000
sid=1
