start=0.000000
panscan=0.200000
