start=2.920000
panscan=0.900000
sid=no
