start=0.500000
ab-loop-a=9.383000
