start=0.000000
pause=yes
panscan=1.000000
sub-delay=-0.000000
sub-ass-override=no
