start=1772.375000
fullscreen=yes
aid=1
sid=6
sub-scale=1.400000
