start=231.648000
volume=99.983719
