start=1348.814000
volume=67.500008
sid=2
