start=0.000000
pause=yes
contrast=-100
panscan=0.700000
aid=1
sid=1
sub-scale=0.800000
sub-ass-override=no
ab-loop-a=0.000000
