start=0.000000
speed=0.909091
pause=yes
