start=321.917000
fullscreen=yes
sub-delay=0.000000
sub-scale=1.300000
