start=972.388000
pause=yes
volume=94.000000
brightness=7
saturation=-2
aid=3
sid=2
